1018
4014
4015
5014
5015
9021
10022
11017
12017
13019
13020
14020
14021
15022
16022
17022
18019
19019
20019
21020
22014
22016
23014
23016
28014
29014
30013
31013
32006
37007
37008
38007
38008
42016
45010
45011
46010
46011
47010
47011
48009
52010
55010
56009
57009
58009
60012
61016
62017
65016
66017
67015
68015
69012
70012
71010
71011
72010
72011
73012
73014
74016
75015
77016
78012
81013
82012
83017
84015
85015
86015
87018
88018
89012
90015
93020
94020
95019
101019
102019
103017
104014
104015
105017
105019
106017
106019
107017
108017
110015
111015
112015
116022
117018
118016
120014
122014
129024
130024
131011
132011
140017
141019
142024
143024
146023
147020
148018
149018
152003
152004
152006
153002
153003
154002
154003
